Opt val 1105150
overall runtime 2.4448756
root LS time: 0
root DP time: 0.6219526999999998
root Cplex time 0
root UB 1105149.9999999998
root LB 1105150
IterNum 480
root ColumnNum 277
root Time 2.3179844
Node Num total 1
==========================1===========================
vessel1's yard assignment
2 2 19
2 2 20
2 2 21
2 2 22
2 2 23
4 6 11
4 6 12
4 6 13
4 6 14
4 6 15
4 6 16
4 6 17
7 3 6
7 3 7
7 3 8
7 3 9
vessel1's berth allocation
0 6
0 7
0 8
0 9
0 10
0 11
0 12
0 13
0 14
0 15
0 16
0 17
0 18
0 19
0 20
0 21
0 22
0 23
0 24
==========================2===========================
vessel2's yard assignment
5 5 9
5 5 10
5 5 11
5 5 12
5 5 13
5 5 14
5 5 15
5 5 16
6 0 18
6 0 19
6 0 20
6 0 21
6 0 22
6 0 23
6 0 24
vessel2's berth allocation
2 9
2 10
2 11
2 12
2 13
2 14
2 15
2 16
2 17
2 18
2 19
2 20
2 21
2 22
2 23
2 24
2 25
==========================3===========================
vessel3's yard assignment
2 4 24
2 4 25
2 4 26
2 4 27
5 3 14
5 3 15
5 3 16
5 3 17
5 3 18
vessel3's berth allocation
1 14
1 15
1 16
1 17
1 18
1 19
1 20
1 21
1 22
1 23
1 24
1 25
1 26
1 27
1 28
==========================4===========================
vessel4's yard assignment
3 5 37
3 5 38
3 5 39
3 5 40
3 5 41
6 0 30
6 0 31
6 0 32
6 0 33
6 0 34
6 0 35
7 3 25
7 3 26
7 3 27
7 3 28
vessel4's berth allocation
0 25
0 26
0 27
0 28
0 29
0 30
0 31
0 32
0 33
0 34
0 35
0 36
0 37
0 38
0 39
0 40
0 41
0 42
==========================5===========================
vessel5's yard assignment
0 5 43
0 5 44
0 5 45
0 5 46
4 6 28
4 6 29
4 6 30
4 6 31
4 6 32
4 6 33
8 1 35
8 1 36
8 1 37
8 1 38
8 1 39
8 1 40
8 1 41
vessel5's berth allocation
2 28
2 29
2 30
2 31
2 32
2 33
2 34
2 35
2 36
2 37
2 38
2 39
2 40
2 41
2 42
2 43
2 44
2 45
2 46
2 47
==========================6===========================
vessel6's yard assignment
7 3 36
7 3 37
7 3 38
7 3 39
7 3 40
7 3 41
8 5 31
8 5 32
8 5 33
8 5 34
vessel6's berth allocation
1 31
1 32
1 33
1 34
1 35
1 36
1 37
1 38
1 39
1 40
1 41
1 42
==========================7===========================
vessel7's yard assignment
0 6 48
0 6 49
0 6 50
0 6 51
0 6 52
3 5 54
3 5 55
3 5 56
3 5 57
3 5 58
3 5 59
vessel7's berth allocation
2 48
2 49
2 50
2 51
2 52
2 53
2 54
2 55
2 56
2 57
2 58
2 59
2 60
==========================8===========================
vessel8's yard assignment
7 3 57
7 3 58
7 3 59
7 3 60
7 3 61
7 3 62
8 1 46
8 1 47
8 1 48
8 1 49
8 1 50
8 1 51
8 1 52
vessel8's berth allocation
0 46
0 47
0 48
0 49
0 50
0 51
0 52
0 53
0 54
0 55
0 56
0 57
0 58
0 59
0 60
0 61
0 62
0 63
==========================9===========================
vessel9's yard assignment
2 2 46
2 2 47
2 2 48
2 2 49
6 2 51
6 2 52
6 2 53
6 2 54
6 2 55
vessel9's berth allocation
1 46
1 47
1 48
1 49
1 50
1 51
1 52
1 53
1 54
1 55
1 56
==========================10===========================
vessel10's yard assignment
2 2 72
2 2 73
2 2 74
2 2 75
2 2 76
2 2 77
2 2 78
4 6 64
4 6 65
4 6 66
4 6 67
4 6 68
4 6 69
4 6 70
6 0 57
6 0 58
6 0 59
6 0 60
6 0 61
6 0 62
vessel10's berth allocation
1 57
1 58
1 59
1 60
1 61
1 62
1 63
1 64
1 65
1 66
1 67
1 68
1 69
1 70
1 71
1 72
1 73
1 74
1 75
1 76
1 77
1 78
1 79
==========================11===========================
vessel11's yard assignment
3 5 61
3 5 62
3 5 63
3 5 64
4 0 74
4 0 75
4 0 76
4 0 77
4 0 78
4 0 79
5 5 66
5 5 67
5 5 68
5 5 69
5 5 70
5 5 71
vessel11's berth allocation
2 61
2 62
2 63
2 64
2 65
2 66
2 67
2 68
2 69
2 70
2 71
2 72
2 73
2 74
2 75
2 76
2 77
2 78
2 79
2 80
==========================12===========================
vessel12's yard assignment
0 6 72
0 6 73
0 6 74
0 6 75
0 6 76
0 6 77
0 6 78
0 6 79
3 3 81
3 3 82
3 3 83
3 3 84
3 3 85
vessel12's berth allocation
0 72
0 73
0 74
0 75
0 76
0 77
0 78
0 79
0 80
0 81
0 82
0 83
0 84
0 85
0 86