Opt val 1182090
overall runtime 1505.5021229
root LS time: 0
root DP time: 0
root Cplex time 818.1113282000006
root UB 1220180
root LB 1169896.6666666665
IterNum 552
root ColumnNum 267
root Time 821.2936108
Node Num total 3
==========================1===========================
vessel1's yard assignment
0 5 10
0 5 11
0 5 12
0 5 13
0 5 14
4 0 3
4 0 4
4 0 5
4 0 6
4 0 7
4 0 8
6 0 16
6 0 17
6 0 18
6 0 19
vessel1's berth allocation
1 3
1 4
1 5
1 6
1 7
1 8
1 9
1 10
1 11
1 12
1 13
1 14
1 15
1 16
1 17
1 18
1 19
1 20
==========================2===========================
vessel2's yard assignment
1 3 13
1 3 14
1 3 15
1 3 16
1 3 17
1 3 18
8 5 25
8 5 26
8 5 27
8 5 28
vessel2's berth allocation
0 13
0 14
0 15
0 16
0 17
0 18
0 19
0 20
0 21
0 22
0 23
0 24
0 25
0 26
0 27
0 28
0 29
==========================3===========================
vessel3's yard assignment
4 0 22
4 0 23
4 0 24
4 0 25
4 0 26
5 6 28
5 6 29
5 6 30
5 6 31
vessel3's berth allocation
2 22
2 23
2 24
2 25
2 26
2 27
2 28
2 29
2 30
2 31
2 32
==========================4===========================
vessel4's yard assignment
2 6 41
2 6 42
2 6 43
2 6 44
2 6 45
2 6 46
2 6 47
7 3 34
7 3 35
7 3 36
7 3 37
7 3 38
7 3 39
vessel4's berth allocation
0 33
0 34
0 35
0 36
0 37
0 38
0 39
0 40
0 41
0 42
0 43
0 44
0 45
0 46
0 47
0 48
==========================5===========================
vessel5's yard assignment
0 5 55
0 5 56
0 5 57
0 5 58
0 5 59
0 5 60
0 5 61
0 5 62
5 6 64
5 6 65
5 6 66
5 6 67
5 6 68
5 6 69
5 6 70
8 1 47
8 1 48
8 1 49
8 1 50
8 1 51
8 1 52
vessel5's berth allocation
1 47
1 48
1 49
1 50
1 51
1 52
1 53
1 54
1 55
1 56
1 57
1 58
1 59
1 60
1 61
1 62
1 63
1 64
1 65
1 66
1 67
1 68
1 69
1 70
1 71
==========================6===========================
vessel6's yard assignment
0 1 63
0 1 64
0 1 65
0 1 66
0 1 67
0 1 68
0 1 69
3 3 57
3 3 58
3 3 59
3 3 60
3 3 61
vessel6's berth allocation
2 52
2 53
2 54
2 55
2 56
2 57
2 58
2 59
2 60
2 61
2 62
2 63
2 64
2 65
2 66
2 67
2 68
2 69
2 70
==========================7===========================
vessel7's yard assignment
1 1 79
1 1 80
1 1 81
1 1 82
1 1 83
1 1 84
5 6 72
5 6 73
5 6 74
5 6 75
5 6 76
5 6 77
vessel7's berth allocation
1 72
1 73
1 74
1 75
1 76
1 77
1 78
1 79
1 80
1 81
1 82
1 83
1 84
1 85
==========================8===========================
vessel8's yard assignment
3 3 75
3 3 76
3 3 77
3 3 78
3 3 79
3 3 80
7 3 82
7 3 83
7 3 84
7 3 85
7 3 86
8 5 66
8 5 67
8 5 68
8 5 69
8 5 70
8 5 71
vessel8's berth allocation
0 66
0 67
0 68
0 69
0 70
0 71
0 72
0 73
0 74
0 75
0 76
0 77
0 78
0 79
0 80
0 81
0 82
0 83
0 84
0 85
0 86
0 87
==========================9===========================
vessel9's yard assignment
4 4 79
4 4 80
4 4 81
4 4 82
4 4 83
4 4 84
4 4 85
6 0 87
6 0 88
6 0 89
6 0 90
6 0 91
6 0 92
6 0 93
6 0 94
vessel9's berth allocation
2 79
2 80
2 81
2 82
2 83
2 84
2 85
2 86
2 87
2 88
2 89
2 90
2 91
2 92
2 93
2 94
2 95
==========================10===========================
vessel10's yard assignment
0 1 100
0 1 101
0 1 102
0 1 103
0 1 104
0 1 105
0 1 106
0 1 107
7 6 94
7 6 95
7 6 96
7 6 97
7 6 98
8 5 86
8 5 87
8 5 88
8 5 89
8 5 90
8 5 91
8 5 92
vessel10's berth allocation
1 86
1 87
1 88
1 89
1 90
1 91
1 92
1 93
1 94
1 95
1 96
1 97
1 98
1 99
1 100
1 101
1 102
1 103
1 104
1 105
1 106
1 107
1 108
==========================11===========================
vessel11's yard assignment
2 2 88
2 2 89
2 2 90
2 2 91
2 2 92
2 2 93
2 2 94
2 2 95
2 2 96
5 3 98
5 3 99
5 3 100
5 3 101
5 3 102
5 3 103
5 3 104
5 3 105
5 3 106
vessel11's berth allocation
0 88
0 89
0 90
0 91
0 92
0 93
0 94
0 95
0 96
0 97
0 98
0 99
0 100
0 101
0 102
0 103
0 104
0 105
0 106
0 107
==========================12===========================
vessel12's yard assignment
0 6 102
0 6 103
0 6 104
0 6 105
0 6 106
5 3 108
5 3 109
5 3 110
5 3 111
5 3 112
5 3 113
6 0 96
6 0 97
6 0 98
6 0 99
6 0 100
vessel12's berth allocation
2 96
2 97
2 98
2 99
2 100
2 101
2 102
2 103
2 104
2 105
2 106
2 107
2 108
2 109
2 110
2 111
2 112
2 113
2 114