Opt val 477440.0000000001
overall runtime 1795.4667464
root LS time: 0
root DP time: 0
root Cplex time 1793.233523399999
root UB 477439.99999999994
root LB 477440.0000000001
IterNum 235
root ColumnNum 170
root Time 1794.6466546
Node Num total 1
==========================1===========================
vessel1's yard assignment
1 3 9
1 3 10
1 3 11
1 3 12
1 3 13
1 3 14
6 2 16
6 2 17
6 2 18
6 2 19
6 2 20
6 2 21
7 3 24
7 3 25
7 3 26
vessel1's berth allocation
2 9
2 10
2 11
2 12
2 13
2 14
2 15
2 16
2 17
2 18
2 19
2 20
2 21
2 22
2 23
2 24
2 25
2 26
2 27
==========================2===========================
vessel2's yard assignment
4 0 28
4 0 29
4 0 30
4 0 31
4 0 32
7 3 34
7 3 35
7 3 36
7 3 37
7 3 38
7 3 39
vessel2's berth allocation
1 28
1 29
1 30
1 31
1 32
1 33
1 34
1 35
1 36
1 37
1 38
1 39
1 40
==========================3===========================
vessel3's yard assignment
2 2 23
2 2 24
2 2 25
2 2 26
2 2 27
5 5 29
5 5 30
5 5 31
5 5 32
5 5 33
5 5 34
5 5 35
5 5 36
8 5 38
8 5 39
8 5 40
8 5 41
8 5 42
8 5 43
8 5 44
8 5 45
vessel3's berth allocation
0 23
0 24
0 25
0 26
0 27
0 28
0 29
0 30
0 31
0 32
0 33
0 34
0 35
0 36
0 37
0 38
0 39
0 40
0 41
0 42
0 43
0 44
0 45
0 46
==========================4===========================
vessel4's yard assignment
4 6 18
4 6 19
4 6 20
4 6 21
7 6 11
7 6 12
7 6 13
7 6 14
7 6 15
7 6 16
vessel4's berth allocation
0 11
0 12
0 13
0 14
0 15
0 16
0 17
0 18
0 19
0 20
0 21
0 22
==========================5===========================
vessel5's yard assignment
1 5 14
1 5 15
1 5 16
1 5 17
3 5 6
3 5 7
3 5 8
3 5 9
3 5 10
3 5 11
3 5 12
6 0 19
6 0 20
6 0 21
6 0 22
6 0 23
6 0 24
vessel5's berth allocation
1 6
1 7
1 8
1 9
1 10
1 11
1 12
1 13
1 14
1 15
1 16
1 17
1 18
1 19
1 20
1 21
1 22
1 23
1 24
1 25