Opt val 486800
overall runtime 798.9959681
root LS time: 0
root DP time: 0
root Cplex time 798.1593432000001
root UB 486800
root LB 486800
IterNum 145
root ColumnNum 93
root Time 798.9140906
Node Num total 1
==========================1===========================
vessel1's yard assignment
1 5 3
1 5 4
1 5 5
1 5 6
1 5 7
1 5 8
6 0 16
6 0 17
6 0 18
6 0 19
6 0 20
6 0 21
7 3 10
7 3 11
7 3 12
7 3 13
7 3 14
vessel1's berth allocation
0 3
0 4
0 5
0 6
0 7
0 8
0 9
0 10
0 11
0 12
0 13
0 14
0 15
0 16
0 17
0 18
0 19
0 20
0 21
0 22
==========================2===========================
vessel2's yard assignment
4 0 23
4 0 24
4 0 25
4 0 26
4 0 27
4 0 28
5 6 16
5 6 17
5 6 18
5 6 19
5 6 20
5 6 21
7 6 9
7 6 10
7 6 11
7 6 12
7 6 13
7 6 14
vessel2's berth allocation
1 9
1 10
1 11
1 12
1 13
1 14
1 15
1 16
1 17
1 18
1 19
1 20
1 21
1 22
1 23
1 24
1 25
1 26
1 27
1 28
1 29
==========================3===========================
vessel3's yard assignment
2 2 16
2 2 17
2 2 18
2 2 19
2 2 20
2 2 21
5 3 24
5 3 25
5 3 26
5 3 27
5 3 28
5 3 29
8 5 31
8 5 32
8 5 33
8 5 34
8 5 35
8 5 36
8 5 37
vessel3's berth allocation
2 16
2 17
2 18
2 19
2 20
2 21
2 22
2 23
2 24
2 25
2 26
2 27
2 28
2 29
2 30
2 31
2 32
2 33
2 34
2 35
2 36
2 37
2 38
==========================4===========================
vessel4's yard assignment
4 6 28
4 6 29
4 6 30
4 6 31
4 6 32
6 2 23
6 2 24
6 2 25
6 2 26
7 3 34
7 3 35
7 3 36
7 3 37
7 3 38
vessel4's berth allocation
0 23
0 24
0 25
0 26
0 27
0 28
0 29
0 30
0 31
0 32
0 33
0 34
0 35
0 36
0 37
0 38
0 39
==========================5===========================
vessel5's yard assignment
1 1 35
1 1 36
1 1 37
1 1 38
3 5 40
3 5 41
3 5 42
3 5 43
6 0 30
6 0 31
6 0 32
6 0 33
vessel5's berth allocation
1 30
1 31
1 32
1 33
1 34
1 35
1 36
1 37
1 38
1 39
1 40
1 41
1 42
1 43
1 44