Opt val 486800
overall runtime 622.6831189
root LS time: 8.307252099999996
root DP time: 0
root Cplex time 613.5880864000001
root UB 486799.99999999994
root LB 486800
IterNum 155
root ColumnNum 106
root Time 622.5928472
Node Num total 1
==========================1===========================
vessel1's yard assignment
1 3 9
1 3 10
1 3 11
1 3 12
1 3 13
1 3 14
6 0 16
6 0 17
6 0 18
6 0 19
6 0 20
6 0 21
7 6 3
7 6 4
7 6 5
7 6 6
7 6 7
vessel1's berth allocation
1 3
1 4
1 5
1 6
1 7
1 8
1 9
1 10
1 11
1 12
1 13
1 14
1 15
1 16
1 17
1 18
1 19
1 20
1 21
1 22
==========================2===========================
vessel2's yard assignment
4 0 23
4 0 24
4 0 25
4 0 26
4 0 27
4 0 28
5 5 9
5 5 10
5 5 11
5 5 12
5 5 13
5 5 14
7 6 16
7 6 17
7 6 18
7 6 19
7 6 20
7 6 21
vessel2's berth allocation
2 9
2 10
2 11
2 12
2 13
2 14
2 15
2 16
2 17
2 18
2 19
2 20
2 21
2 22
2 23
2 24
2 25
2 26
2 27
2 28
2 29
==========================3===========================
vessel3's yard assignment
2 2 15
2 2 16
2 2 17
2 2 18
2 2 19
2 2 20
5 3 24
5 3 25
5 3 26
5 3 27
5 3 28
5 3 29
8 1 31
8 1 32
8 1 33
8 1 34
8 1 35
8 1 36
8 1 37
vessel3's berth allocation
0 15
0 16
0 17
0 18
0 19
0 20
0 21
0 22
0 23
0 24
0 25
0 26
0 27
0 28
0 29
0 30
0 31
0 32
0 33
0 34
0 35
0 36
0 37
0 38
==========================4===========================
vessel4's yard assignment
4 6 28
4 6 29
4 6 30
4 6 31
4 6 32
6 2 23
6 2 24
6 2 25
6 2 26
7 3 34
7 3 35
7 3 36
7 3 37
7 3 38
vessel4's berth allocation
1 23
1 24
1 25
1 26
1 27
1 28
1 29
1 30
1 31
1 32
1 33
1 34
1 35
1 36
1 37
1 38
1 39
==========================5===========================
vessel5's yard assignment
1 5 35
1 5 36
1 5 37
1 5 38
3 5 40
3 5 41
3 5 42
3 5 43
6 0 30
6 0 31
6 0 32
6 0 33
vessel5's berth allocation
2 30
2 31
2 32
2 33
2 34
2 35
2 36
2 37
2 38
2 39
2 40
2 41
2 42
2 43
2 44