Opt val 477100
overall runtime 547.6122258
root LS time: 10.169044099999995
root DP time: 0
root Cplex time 536.3677589000001
root UB 477099.99999999994
root LB 477100
IterNum 165
root ColumnNum 93
root Time 547.463407
Node Num total 1
==========================1===========================
vessel1's yard assignment
1 5 5
1 5 6
1 5 7
1 5 8
1 5 9
1 5 10
1 5 11
6 2 20
6 2 21
6 2 22
6 2 23
6 2 24
7 3 13
7 3 14
7 3 15
7 3 16
7 3 17
7 3 18
vessel1's berth allocation
2 5
2 6
2 7
2 8
2 9
2 10
2 11
2 12
2 13
2 14
2 15
2 16
2 17
2 18
2 19
2 20
2 21
2 22
2 23
2 24
2 25
==========================2===========================
vessel2's yard assignment
4 0 21
4 0 22
4 0 23
4 0 24
4 0 25
5 5 14
5 5 15
5 5 16
5 5 17
5 5 18
5 5 19
7 6 9
7 6 10
7 6 11
7 6 12
vessel2's berth allocation
1 9
1 10
1 11
1 12
1 13
1 14
1 15
1 16
1 17
1 18
1 19
1 20
1 21
1 22
1 23
1 24
1 25
1 26
==========================3===========================
vessel3's yard assignment
2 6 29
2 6 30
2 6 31
2 6 32
5 3 24
5 3 25
5 3 26
5 3 27
8 1 15
8 1 16
8 1 17
8 1 18
8 1 19
8 1 20
vessel3's berth allocation
0 15
0 16
0 17
0 18
0 19
0 20
0 21
0 22
0 23
0 24
0 25
0 26
0 27
0 28
0 29
0 30
0 31
0 32
0 33
==========================4===========================
vessel4's yard assignment
4 0 43
4 0 44
4 0 45
4 0 46
4 0 47
6 2 27
6 2 28
6 2 29
6 2 30
6 2 31
6 2 32
7 3 34
7 3 35
7 3 36
7 3 37
7 3 38
7 3 39
7 3 40
7 3 41
vessel4's berth allocation
2 27
2 28
2 29
2 30
2 31
2 32
2 33
2 34
2 35
2 36
2 37
2 38
2 39
2 40
2 41
2 42
2 43
2 44
2 45
2 46
2 47
2 48
==========================5===========================
vessel5's yard assignment
1 5 38
1 5 39
1 5 40
1 5 41
1 5 42
3 5 32
3 5 33
3 5 34
3 5 35
3 5 36
6 0 27
6 0 28
6 0 29
6 0 30
vessel5's berth allocation
1 27
1 28
1 29
1 30
1 31
1 32
1 33
1 34
1 35
1 36
1 37
1 38
1 39
1 40
1 41
1 42
1 43