Opt val 967420
overall runtime 166.9039846
root LS time: 0
root DP time: 0.5579480000000003
root Cplex time 0
root UB 967420
root LB 965233.3333333334
IterNum 312
root ColumnNum 219
root Time 1.5161694
Node Num total 11
==========================1===========================
vessel1's yard assignment
0 5 13
0 5 14
0 5 15
0 5 16
0 5 17
1 3 24
1 3 25
1 3 26
1 3 27
1 3 28
1 3 29
1 3 30
2 2 19
2 2 20
2 2 21
2 2 22
vessel1's berth allocation
0 13
0 14
0 15
0 16
0 17
0 18
0 19
0 20
0 21
0 22
0 23
0 24
0 25
0 26
0 27
0 28
0 29
0 30
0 31
==========================2===========================
vessel2's yard assignment
0 5 31
0 5 32
0 5 33
0 5 34
4 0 25
4 0 26
4 0 27
4 0 28
4 0 29
5 3 36
5 3 37
5 3 38
5 3 39
5 3 40
5 3 41
vessel2's berth allocation
1 25
1 26
1 27
1 28
1 29
1 30
1 31
1 32
1 33
1 34
1 35
1 36
1 37
1 38
1 39
1 40
1 41
1 42
==========================3===========================
vessel3's yard assignment
2 6 40
2 6 41
2 6 42
2 6 43
2 6 44
2 6 45
2 6 46
6 2 48
6 2 49
6 2 50
6 2 51
6 2 52
8 1 32
8 1 33
8 1 34
8 1 35
8 1 36
8 1 37
8 1 38
vessel3's berth allocation
0 32
0 33
0 34
0 35
0 36
0 37
0 38
0 39
0 40
0 41
0 42
0 43
0 44
0 45
0 46
0 47
0 48
0 49
0 50
0 51
0 52
0 53
==========================4===========================
vessel4's yard assignment
4 6 30
4 6 31
4 6 32
4 6 33
4 6 34
4 6 35
5 5 37
5 5 38
5 5 39
vessel4's berth allocation
2 30
2 31
2 32
2 33
2 34
2 35
2 36
2 37
2 38
2 39
2 40
==========================5===========================
vessel5's yard assignment
1 5 54
1 5 55
1 5 56
1 5 57
1 5 58
1 5 59
5 3 44
5 3 45
5 3 46
5 3 47
7 6 49
7 6 50
7 6 51
7 6 52
vessel5's berth allocation
2 44
2 45
2 46
2 47
2 48
2 49
2 50
2 51
2 52
2 53
2 54
2 55
2 56
2 57
2 58
2 59
2 60
==========================6===========================
vessel6's yard assignment
1 1 49
1 1 50
1 1 51
8 5 45
8 5 46
8 5 47
vessel6's berth allocation
1 45
1 46
1 47
1 48
1 49
1 50
1 51
1 52
==========================7===========================
vessel7's yard assignment
3 3 57
3 3 58
3 3 59
3 3 60
3 3 61
3 3 62
3 3 63
3 3 64
3 3 65
6 2 67
6 2 68
6 2 69
6 2 70
6 2 71
6 2 72
6 2 73
6 2 74
6 2 75
vessel7's berth allocation
1 57
1 58
1 59
1 60
1 61
1 62
1 63
1 64
1 65
1 66
1 67
1 68
1 69
1 70
1 71
1 72
1 73
1 74
1 75
1 76
==========================8===========================
vessel8's yard assignment
3 5 61
3 5 62
3 5 63
3 5 64
7 6 70
7 6 71
7 6 72
7 6 73
7 6 74
7 6 75
7 6 76
8 1 66
8 1 67
8 1 68
vessel8's berth allocation
0 61
0 62
0 63
0 64
0 65
0 66
0 67
0 68
0 69
0 70
0 71
0 72
0 73
0 74
0 75
0 76
0 77
==========================9===========================
vessel9's yard assignment
2 4 63
2 4 64
2 4 65
5 5 67
5 5 68
5 5 69
vessel9's berth allocation
2 63
2 64
2 65
2 66
2 67
2 68
2 69
2 70
==========================10===========================
vessel10's yard assignment
4 0 74
4 0 75
4 0 76
4 0 77
4 0 78
4 0 79
8 1 81
8 1 82
8 1 83
8 1 84
vessel10's berth allocation
2 74
2 75
2 76
2 77
2 78
2 79
2 80
2 81
2 82
2 83
2 84
2 85
==========================11===========================
vessel11's yard assignment
0 6 78
0 6 79
0 6 80
0 6 81
1 5 87
1 5 88
1 5 89
3 5 83
3 5 84
3 5 85
vessel11's berth allocation
1 78
1 79
1 80
1 81
1 82
1 83
1 84
1 85
1 86
1 87
1 88
1 89
1 90
==========================12===========================
vessel12's yard assignment
2 4 78
2 4 79
2 4 80
2 4 81
2 4 82
3 3 84
3 3 85
3 3 86
3 3 87
6 0 89
6 0 90
6 0 91
vessel12's berth allocation
0 78
0 79
0 80
0 81
0 82
0 83
0 84
0 85
0 86
0 87
0 88
0 89
0 90
0 91
0 92