Opt val 441200
overall runtime 75.7870754
root LS time: 0
root DP time: 0
root Cplex time 74.82552079999999
root UB 441200
root LB 441200
IterNum 40
root ColumnNum 22
root Time 74.9122211
Node Num total 1
==========================1===========================
vessel1's yard assignment
1 5 6
1 5 7
1 5 8
1 5 9
1 5 10
6 2 12
6 2 13
6 2 14
6 2 15
6 2 16
6 2 17
vessel1's berth allocation
0 6
0 7
0 8
0 9
0 10
0 11
0 12
0 13
0 14
0 15
0 16
0 17
0 18
==========================2===========================
vessel2's yard assignment
2 2 50
2 2 51
2 2 52
2 2 53
2 2 54
2 2 55
4 6 41
4 6 42
4 6 43
4 6 44
4 6 45
4 6 46
4 6 47
4 6 48
8 1 36
8 1 37
8 1 38
8 1 39
vessel2's berth allocation
1 36
1 37
1 38
1 39
1 40
1 41
1 42
1 43
1 44
1 45
1 46
1 47
1 48
1 49
1 50
1 51
1 52
1 53
1 54
1 55
1 56
==========================3===========================
vessel3's yard assignment
0 6 15
0 6 16
0 6 17
0 6 18
0 6 19
0 6 20
0 6 21
7 3 11
7 3 12
7 3 13
7 3 24
7 3 25
7 3 26
7 3 27
vessel3's berth allocation
2 11
2 12
2 13
2 14
2 15
2 16
2 17
2 18
2 19
2 20
2 21
2 22
2 23
2 24
2 25
2 26
2 27
2 28
==========================4===========================
vessel4's yard assignment
1 5 30
1 5 31
1 5 32
1 5 33
1 5 34
2 2 23
2 2 24
2 2 25
2 2 26
2 2 27
2 2 28
5 3 40
5 3 41
5 3 42
5 3 43
7 3 36
7 3 37
7 3 38
vessel4's berth allocation
0 23
0 24
0 25
0 26
0 27
0 28
0 29
0 30
0 31
0 32
0 33
0 34
0 35
0 36
0 37
0 38
0 39
0 40
0 41
0 42
0 43
0 44
==========================5===========================
vessel5's yard assignment
3 5 36
3 5 37
3 5 38
3 5 39
3 5 40
5 5 42
5 5 43
5 5 44
5 5 45
5 5 46
7 6 29
7 6 30
7 6 31
7 6 32
7 6 33
7 6 34
vessel5's berth allocation
2 29
2 30
2 31
2 32
2 33
2 34
2 35
2 36
2 37
2 38
2 39
2 40
2 41
2 42
2 43
2 44
2 45
2 46
2 47