Opt val 392800
overall runtime 72.7057551
root LS time: 0
root DP time: 0
root Cplex time 72.3955273
root UB 392800
root LB 392800
IterNum 65
root ColumnNum 41
root Time 72.6470303
Node Num total 1
==========================1===========================
vessel1's yard assignment
3 3 11
3 3 12
3 3 13
3 3 14
3 3 15
3 3 16
6 0 18
6 0 19
6 0 20
6 0 21
6 0 22
6 0 23
6 0 24
vessel1's berth allocation
1 11
1 12
1 13
1 14
1 15
1 16
1 17
1 18
1 19
1 20
1 21
1 22
1 23
1 24
1 25
==========================2===========================
vessel2's yard assignment
3 3 24
3 3 25
3 3 26
3 3 27
3 3 28
3 3 29
3 3 30
4 6 16
4 6 17
4 6 18
4 6 19
4 6 20
4 6 21
vessel2's berth allocation
2 16
2 17
2 18
2 19
2 20
2 21
2 22
2 23
2 24
2 25
2 26
2 27
2 28
2 29
2 30
2 31
==========================3===========================
vessel3's yard assignment
1 5 40
1 5 41
1 5 42
1 5 43
5 5 45
5 5 46
5 5 47
5 5 48
5 5 49
8 5 33
8 5 34
8 5 35
8 5 36
8 5 37
8 5 38
vessel3's berth allocation
2 33
2 34
2 35
2 36
2 37
2 38
2 39
2 40
2 41
2 42
2 43
2 44
2 45
2 46
2 47
2 48
2 49
2 50
==========================4===========================
vessel4's yard assignment
2 2 19
2 2 20
2 2 21
2 2 22
2 2 23
3 5 16
3 5 17
3 5 25
3 5 26
3 5 27
3 5 28
3 5 29
7 6 31
7 6 32
7 6 33
7 6 34
vessel4's berth allocation
0 16
0 17
0 18
0 19
0 20
0 21
0 22
0 23
0 24
0 25
0 26
0 27
0 28
0 29
0 30
0 31
0 32
0 33
0 34
0 35
==========================5===========================
vessel5's yard assignment
2 6 40
2 6 41
2 6 42
2 6 43
2 6 44
2 6 45
6 2 47
6 2 48
6 2 49
6 2 50
6 2 51
vessel5's berth allocation
1 40
1 41
1 42
1 43
1 44
1 45
1 46
1 47
1 48
1 49
1 50
1 51
1 52