Opt val 1058300
overall runtime 1.4442343
root LS time: 0
root DP time: 0.2967542
root Cplex time 0
root UB 1058300
root LB 1058300
IterNum 204
root ColumnNum 117
root Time 0.772446
Node Num total 1
==========================1===========================
vessel1's yard assignment
0 5 3
0 5 4
0 5 5
0 5 6
0 5 7
6 0 19
6 0 20
6 0 21
6 0 22
7 3 9
7 3 10
7 3 11
7 3 12
7 3 13
7 3 14
7 3 15
7 3 16
7 3 17
vessel1's berth allocation
0 3
0 4
0 5
0 6
0 7
0 8
0 9
0 10
0 11
0 12
0 13
0 14
0 15
0 16
0 17
0 18
0 19
0 20
0 21
0 22
0 23
==========================2===========================
vessel2's yard assignment
1 3 24
1 3 25
1 3 26
1 3 27
1 3 28
8 5 11
8 5 12
8 5 13
8 5 14
8 5 15
8 5 16
8 5 17
8 5 18
8 5 19
vessel2's berth allocation
1 11
1 12
1 13
1 14
1 15
1 16
1 17
1 18
1 19
1 20
1 21
1 22
1 23
1 24
1 25
1 26
1 27
1 28
1 29
==========================3===========================
vessel3's yard assignment
2 6 15
2 6 16
2 6 17
2 6 18
2 6 19
2 6 20
6 2 22
6 2 23
6 2 24
6 2 25
6 2 26
8 5 28
8 5 29
8 5 30
8 5 31
8 5 32
8 5 33
8 5 34
8 5 35
vessel3's berth allocation
2 15
2 16
2 17
2 18
2 19
2 20
2 21
2 22
2 23
2 24
2 25
2 26
2 27
2 28
2 29
2 30
2 31
2 32
2 33
2 34
2 35
2 36
==========================4===========================
vessel4's yard assignment
3 5 37
3 5 38
3 5 39
3 5 40
3 5 41
3 5 42
7 6 28
7 6 29
7 6 30
7 6 31
7 6 32
7 6 33
7 6 34
7 6 35
vessel4's berth allocation
0 28
0 29
0 30
0 31
0 32
0 33
0 34
0 35
0 36
0 37
0 38
0 39
0 40
0 41
0 42
0 43
==========================5===========================
vessel5's yard assignment
4 4 52
4 4 53
4 4 54
4 4 55
4 4 56
4 4 57
4 4 58
6 0 44
6 0 45
6 0 46
6 0 47
6 0 48
6 0 49
7 3 35
7 3 36
7 3 37
7 3 38
7 3 39
7 3 40
7 3 41
vessel5's berth allocation
1 35
1 36
1 37
1 38
1 39
1 40
1 41
1 42
1 43
1 44
1 45
1 46
1 47
1 48
1 49
1 50
1 51
1 52
1 53
1 54
1 55
1 56
1 57
1 58
1 59
==========================6===========================
vessel6's yard assignment
5 6 43
5 6 44
5 6 45
5 6 46
5 6 47
5 6 48
5 6 49
8 5 54
8 5 55
8 5 56
8 5 57
8 5 58
8 5 59
8 5 60
vessel6's berth allocation
2 43
2 44
2 45
2 46
2 47
2 48
2 49
2 50
2 51
2 52
2 53
2 54
2 55
2 56
2 57
2 58
2 59
2 60
2 61
==========================7===========================
vessel7's yard assignment
0 5 67
0 5 68
0 5 69
0 5 70
3 5 62
3 5 63
3 5 64
3 5 65
6 2 51
6 2 52
6 2 53
6 2 54
6 2 55
6 2 56
6 2 57
6 2 58
vessel7's berth allocation
0 51
0 52
0 53
0 54
0 55
0 56
0 57
0 58
0 59
0 60
0 61
0 62
0 63
0 64
0 65
0 66
0 67
0 68
0 69
0 70
0 71
==========================8===========================
vessel8's yard assignment
1 3 60
1 3 61
1 3 62
1 3 63
1 3 64
7 6 66
7 6 67
7 6 68
7 6 69
7 6 70
7 6 71
7 6 72
7 6 73
7 6 74
vessel8's berth allocation
1 60
1 61
1 62
1 63
1 64
1 65
1 66
1 67
1 68
1 69
1 70
1 71
1 72
1 73
1 74
1 75
==========================9===========================
vessel9's yard assignment
2 2 67
2 2 68
2 2 69
2 2 70
4 0 74
4 0 75
4 0 76
4 0 77
4 0 78
8 1 80
8 1 81
8 1 82
8 1 83
8 1 84
8 1 85
8 1 86
vessel9's berth allocation
2 67
2 68
2 69
2 70
2 71
2 72
2 73
2 74
2 75
2 76
2 77
2 78
2 79
2 80
2 81
2 82
2 83
2 84
2 85
2 86
2 87
==========================10===========================
vessel10's yard assignment
0 5 84
0 5 85
0 5 86
0 5 87
0 5 88
0 5 89
3 3 75
3 3 76
3 3 77
3 3 78
3 3 79
3 3 80
3 3 81
3 3 82
vessel10's berth allocation
0 75
0 76
0 77
0 78
0 79
0 80
0 81
0 82
0 83
0 84
0 85
0 86
0 87
0 88
0 89
0 90
==========================11===========================
vessel11's yard assignment
1 5 91
1 5 92
1 5 93
1 5 94
2 6 96
2 6 97
2 6 98
2 6 99
2 6 100
2 6 101
5 3 84
5 3 85
5 3 86
5 3 87
5 3 88
5 3 89
vessel11's berth allocation
1 84
1 85
1 86
1 87
1 88
1 89
1 90
1 91
1 92
1 93
1 94
1 95
1 96
1 97
1 98
1 99
1 100
1 101
1 102
==========================12===========================
vessel12's yard assignment
4 0 94
4 0 95
4 0 96
4 0 97
4 0 98
4 0 99
4 0 100
5 3 102
5 3 103
5 3 104
5 3 105
5 3 106
5 3 107
5 3 108
vessel12's berth allocation
2 94
2 95
2 96
2 97
2 98
2 99
2 100
2 101
2 102
2 103
2 104
2 105
2 106
2 107
2 108
2 109