Opt val 998750
overall runtime 561.8826657
root LS time: 0
root DP time: 0
root Cplex time 558.9984480999993
root UB 998750
root LB 998750
IterNum 384
root ColumnNum 261
root Time 561.1951166
Node Num total 1
==========================1===========================
vessel1's yard assignment
5 3 35
5 3 36
5 3 37
5 3 38
5 3 39
5 3 40
5 3 41
5 3 42
5 3 43
8 5 25
8 5 26
8 5 27
8 5 28
8 5 29
8 5 30
8 5 31
8 5 32
8 5 33
vessel1's berth allocation
2 22
2 23
2 24
2 25
2 26
2 27
2 28
2 29
2 30
2 31
2 32
2 33
2 34
2 35
2 36
2 37
2 38
2 39
2 40
2 41
2 42
2 43
2 44
==========================2===========================
vessel2's yard assignment
7 3 24
7 3 25
7 3 26
7 3 27
7 3 28
8 1 30
8 1 31
8 1 32
8 1 33
vessel2's berth allocation
1 24
1 25
1 26
1 27
1 28
1 29
1 30
1 31
1 32
1 33
1 34
==========================3===========================
vessel3's yard assignment
0 5 43
0 5 44
0 5 45
0 5 46
3 5 35
3 5 36
3 5 37
3 5 38
3 5 39
3 5 40
3 5 41
vessel3's berth allocation
0 35
0 36
0 37
0 38
0 39
0 40
0 41
0 42
0 43
0 44
0 45
0 46
0 47
==========================4===========================
vessel4's yard assignment
1 3 46
1 3 47
1 3 48
5 6 40
5 6 41
5 6 42
5 6 43
5 6 44
vessel4's berth allocation
1 40
1 41
1 42
1 43
1 44
1 45
1 46
1 47
1 48
1 49
==========================5===========================
vessel5's yard assignment
0 1 48
0 1 49
0 1 50
0 1 51
4 4 53
4 4 54
4 4 55
5 5 57
5 5 58
5 5 59
vessel5's berth allocation
0 48
0 49
0 50
0 51
0 52
0 53
0 54
0 55
0 56
0 57
0 58
0 59
0 60
==========================6===========================
vessel6's yard assignment
4 0 46
4 0 47
4 0 48
7 6 50
7 6 51
7 6 52
7 6 53
vessel6's berth allocation
2 46
2 47
2 48
2 49
2 50
2 51
2 52
2 53
2 54
==========================7===========================
vessel7's yard assignment
3 5 64
3 5 65
3 5 66
3 5 67
3 5 68
3 5 69
3 5 70
4 0 55
4 0 56
4 0 57
4 0 58
4 0 59
4 0 60
4 0 61
4 0 62
vessel7's berth allocation
2 55
2 56
2 57
2 58
2 59
2 60
2 61
2 62
2 63
2 64
2 65
2 66
2 67
2 68
2 69
2 70
2 71
==========================8===========================
vessel8's yard assignment
0 6 66
0 6 67
0 6 68
0 6 69
0 6 70
0 6 71
0 6 72
2 4 60
2 4 61
2 4 62
2 4 63
2 4 64
6 2 53
6 2 54
6 2 55
6 2 56
6 2 57
6 2 58
vessel8's berth allocation
1 53
1 54
1 55
1 56
1 57
1 58
1 59
1 60
1 61
1 62
1 63
1 64
1 65
1 66
1 67
1 68
1 69
1 70
1 71
1 72
1 73
==========================9===========================
vessel9's yard assignment
2 2 72
2 2 73
2 2 74
6 2 68
6 2 69
6 2 70
vessel9's berth allocation
0 68
0 69
0 70
0 71
0 72
0 73
0 74
0 75
==========================10===========================
vessel10's yard assignment
2 2 87
2 2 88
2 2 89
2 2 90
2 2 91
2 2 92
2 2 93
2 2 94
7 6 74
7 6 75
7 6 76
7 6 77
7 6 78
8 1 80
8 1 81
8 1 82
8 1 83
8 1 84
8 1 85
vessel10's berth allocation
1 74
1 75
1 76
1 77
1 78
1 79
1 80
1 81
1 82
1 83
1 84
1 85
1 86
1 87
1 88
1 89
1 90
1 91
1 92
1 93
1 94
1 95
==========================11===========================
vessel11's yard assignment
1 3 81
1 3 82
1 3 83
1 3 84
1 3 85
1 3 86
1 3 87
4 0 74
4 0 75
4 0 76
4 0 77
4 0 78
4 0 79
8 5 89
8 5 90
8 5 91
8 5 92
8 5 93
8 5 94
vessel11's berth allocation
2 74
2 75
2 76
2 77
2 78
2 79
2 80
2 81
2 82
2 83
2 84
2 85
2 86
2 87
2 88
2 89
2 90
2 91
2 92
2 93
2 94
2 95
==========================12===========================
vessel12's yard assignment
2 4 80
2 4 81
2 4 82
7 3 76
7 3 77
7 3 78
vessel12's berth allocation
0 76
0 77
0 78
0 79
0 80
0 81
0 82
0 83